1 1
2 1
3 1
4 1
5 0
6 1
7 1
8 0
9 0
10 1
11 1
12 1
13 1
14 0
15 1
16 1
17 1
18 1
19 1
20 1
21 1
22 1
23 1
24 1
25 1
26 0
27 1
28 1
29 1
30 1
31 1
32 1
33 1
34 1
35 0
36 1
37 1
38 1
39 1
40 1
41 1
42 0
43 1
44 1
45 1
46 1
47 1
48 1
49 1
50 1
51 1
52 1
53 1
54 1
55 1
56 1
57 0
58 1
59 1
60 1
61 1
62 0
63 0
64 1
65 1
66 1
67 1
68 1
69 1
70 1
71 1
72 0
73 1
74 0
75 1
76 1
77 1
78 0
79 1
80 1
81 1
82 1
83 1
84 0
85 0
86 0
87 1
88 1
89 1
90 1
91 0
92 1
93 1
94 1
95 1
96 1
97 0
98 1
99 0
100 0
101 1
102 0
103 1
104 1
105 0
106 1
107 1
108 0
109 0
110 1
111 1
112 0
113 0
114 1
115 0
116 0
117 1
118 0
119 0
120 1
121 1
122 1
123 1
124 1
125 0
126 1
127 1
128 1
129 1
130 1
131 1
132 0
133 1
134 1
135 0
136 1
137 1
138 1
139 1
140 1
141 1
142 1
143 1
144 1
145 1
146 1
147 0
148 1
149 1
150 1
151 1
152 0
153 1
154 0
155 1
156 0
157 1
158 1
159 1
160 1
161 1
162 1
163 1
164 0
165 1
166 0
167 1
168 1
169 0
170 1
171 0
172 1
173 0
174 1
175 1
176 1
177 1
178 1
179 1
180 1
181 1
182 1
183 1
184 1
185 0
186 1
187 0
188 0
189 1
190 0
191 1
192 1
193 1
194 0
195 0
196 1
197 1
198 1
199 1
200 1
201 1
202 1
203 0
204 1
205 1
206 1
207 1
208 1
209 0
210 1
211 1
212 1
213 1
214 0
215 1
216 1
217 1
218 0
219 1
220 0
221 0
222 1
223 1
224 0
225 1
226 1
227 1
228 1
229 1
230 1
231 0
232 1
233 1
234 1
235 1
236 0
237 1
238 1
239 1
240 1
241 1
242 0
243 1
244 1
245 1
246 0
247 1
248 1
249 1
250 1
251 0
252 1
253 1
254 1
255 1
256 1
257 1
258 1
259 1
260 1
261 1
262 0
263 0
264 1
265 0
266 1
267 1
268 1
269 1
270 1
271 0
272 1
273 0
274 1
275 1
276 1
277 1
278 1
279 1
280 1
281 1
282 1
283 1
284 1
285 1
286 0
287 1
288 1
289 1
290 1
291 1
292 1
293 1
294 1
295 0
296 0
297 1
298 0
299 1
300 0
301 1
302 1
303 1
304 0
305 0
306 1
307 1
308 1
309 1
310 1
311 1
312 0
313 1
314 1
315 1
316 1
317 0
318 0
319 1
320 1
321 1
322 1
323 1
324 1
325 1
326 0
327 1
328 1
329 1
330 1
331 1
332 1
333 1
334 1
335 1
336 1
337 1
338 1
339 1
340 0
341 0
342 1
343 1
344 1
345 1
346 1
347 1
348 0
349 0
350 1
351 1
352 1
353 1
354 1
355 1
356 1
357 1
358 1
359 1
360 1
361 1
362 1
363 1
364 1
365 0
366 1
367 1
368 1
369 1
370 1
371 1
372 1
373 1
374 1
375 0
376 1
377 1
378 1
379 1
380 1
381 0
382 1
383 1
384 1
385 1
386 1
387 1
388 1
389 1
390 0
391 1
392 0
393 1
394 1
395 1
396 0
397 1
398 1
399 1
400 1
401 1
402 0
403 1
404 0
405 1
406 0
407 1
408 1
409 0
410 1
411 1
412 1
413 1
414 1
415 0
416 1
417 1
418 0
419 0
420 1
421 1
422 1
423 1
424 1
425 1
426 0
427 0
428 1
429 0
430 1
431 1
432 0
433 1
434 1
435 1
436 1
437 0
438 1
439 1
440 1
441 0
442 1
443 1
444 0
445 1
446 1
447 1
448 1
449 1
450 1
451 1
452 1
453 1
454 1
455 1
456 1
457 1
458 1
459 1
460 1
461 1
462 0
463 1
464 1
465 0
466 0
467 1
468 0
469 1
470 1
471 0
472 1
473 1
474 1
475 1
476 1
477 1
478 0
479 1
480 0
481 0
482 1
483 1
484 1
485 0
486 1
487 1
488 1
489 1
490 1
491 1
492 1
493 1
494 0
495 1
496 1
497 0
498 1
499 1
500 1
501 1
502 0
503 1
504 0
505 1
506 1
507 0
508 1
509 0
510 1
511 0
512 1
513 1
514 1
515 1
516 1
517 0
518 0
519 0
520 0
521 0
522 0
523 0
524 0
525 0
526 0
527 0
528 0
529 0
530 0
531 0
532 0
533 0
534 0
535 0
536 0
537 0
538 0
539 0
540 0
541 0
542 0
543 0
544 0
545 0
546 0
547 0
548 0
549 0
550 0
551 0
552 0
553 0
554 0
555 0
556 0
557 0
558 0
559 0
560 0
561 0
562 0
563 0
564 0
565 0
566 0
567 0
568 0
569 0
570 0
571 0
572 0
573 0
574 0
575 0
576 0
577 0
578 0
579 0
580 0
581 0
582 0
583 0
584 0
585 0
586 0
587 0
588 0
589 0
590 0
591 0
592 0
593 0
594 0
595 0
596 0
597 0
598 0
599 0
600 0
601 0
602 0
603 0
604 0
605 0
606 0
607 0
608 0
609 0
610 0
611 0
612 0
613 0
614 0
615 0
616 0
617 0
618 0
619 0
620 0
621 0
622 0
623 0
624 0
625 0
626 0
627 0
628 0
629 0
630 0
631 0
632 0
633 0
634 0
635 0
636 0
637 0
638 0
639 0
640 0
641 0
642 0
643 0
644 0
645 0
646 0
647 0
648 0
649 0
650 0
651 0
652 0
653 0
654 0
655 0
656 0
657 0
658 0
659 0
660 0
661 0
662 0
663 0
664 0
665 0
666 0
667 0
668 0
669 0
670 0
671 0
672 0
673 0
674 0
675 0
676 0
677 0
678 0
679 0
680 0
681 0
682 0
683 0
684 0
685 0
686 0
687 0
688 0
689 0
690 0
691 0
692 0
693 0
694 0
695 0
696 0
697 0
698 0
699 0
700 0
701 0
702 0
703 0
704 0
705 0
706 0
707 0
708 0
709 0
710 0
711 0
712 0
713 0
714 0
715 0
716 0
717 0
718 0
719 0
720 0
721 0
722 0
723 0
724 0
725 0
726 0
727 0
728 0
729 0
730 0
731 0
732 0
733 0
734 0
735 0
736 0
737 0
738 0
739 0
740 0
741 0
742 0
743 0
744 0
745 0
746 0
747 0
748 0
749 0
750 0
751 0
752 0
753 0
754 0
755 0
756 0
757 0
758 0
759 0
760 0
761 0
762 0
763 0
764 0
765 0
766 0
767 0
768 0
769 0
770 0
771 0
772 0
773 0
774 0
775 0
776 0
777 0
778 0
779 0
780 0
781 0
782 0
783 0
784 0
785 0
786 0
787 0
788 0
789 0
790 0
791 0
792 0
793 0
794 0
795 0
796 0
797 0
798 0
799 0
800 0
