1753 0
1613 0
257 1
5077 1
5078 0
5079 0
21 1
976 1
977 0
766 0
767 0
768 0
5189 0
2065 0
1715 1
7477 0
6950 0
769 0
1357 0
720 1
892 0
1116 0
893 0
1875 1
1005 1
1402 1
7562 1
2201 1
9209 2
5703 0
3817 0
1297 0
5964 0
2234 0
4706 1
8666 2
2024 1
1377 0
936 0
2009 2
2010 0
5476 0
674 1
2011 1
5477 0
1960 1
2066 1
1484 1
2412 1
784 0
1405 1
2224 0
287 0
5756 2
1833 1
1277 0
1718 1
1298 2
1187 0
1307 1
2300 0
1426 1
865 0
829 0
7462 0
1814 0
2389 0
2211 0
2173 1
2166 0
2289 0
7442 0
4828 2
1 0
1050 0
2100 0
1685 1
1687 0
1688 0
1689 1
1690 1
8247 0
4004 0
2370 1
911 0
3009 0
5676 0
1188 0
1891 0
964 0
1643 0
1691 1
2430 0
1030 0
1087 1
2025 0
4953 0
592 0
1299 0
1387 0
1388 0
1784 0
1614 1
5760 1
898 1
2688 1
5480 0
2242 0
7395 0
5234 0
848 1
81 1
2427 0
5080 0
2235 0
2257 0
967 1
1579 0
1075 2
1220 2
1325 1
1057 0
1770 1
1854 0
2202 1
1479 0
1771 0
1793 0
912 0
1446 0
1776 0
2958 2
5704 0
1051 1
237 0
1546 0
1876 0
596 1
923 0
1877 0
1892 0
1736 0
675 0
1326 0
1422 0
1994 1
1433 1
958 2
1488 2
1480 0
4007 0
1637 1
1280 2
1808 0
2431 1
2189 1
5309 0
1760 0
836 1
2192 1
2193 2
1992 0
5481 0
2101 1
1828 1
1621 1
288 0
1834 0
2443 0
1878 0
1879 0
2335 1
2194 0
59 1
1984 0
2268 0
2212 1
2083 0
953 0
4648 1
1514 0
2450 0
1058 1
2378 1
2102 1
4785 0
1338 1
1339 0
1961 0
3234 1
1809 0
9891 1
9161 1
1797 0
2003 1
1970 0
4786 0
2001 0
1634 0
2038 0
2479 0
1589 1
1585 0
1920 1
1440 1
1308 0
1845 0
1254 1
5190 0
8947 0
4740 1
1880 0
7861 1
1727 1
5429 1
5441 0
1962 1
2103 1
2214 0
5980 0
5740 0
2243 0
2244 1
2269 0
2030 0
1963 2
2390 1
2012 0
4810 1
8356 0
1951 0
1255 0
4811 1
525 1
2195 1
5721 1
1835 1
1256 0
1819 1
1772 0
75 0
1728 1
1881 0
1956 1
2206 2
1597 1
3960 2
1505 0
5689 0
2215 0
1729 1
2507 1
5690 0
2393 1
2207 0
1457 0
1088 0
1189 0
2480 0
913 0
2213 0
2272 0
2245 0
4649 0
1598 0
1692 0
1656 0
8230 0
7483 0
5313 0
2760 1
2665 1
924 1
1737 0
1644 1
7481 1
7872 1
3320 1
1882 0
6716 0
883 0
5147 1
7960 2
3942 0
914 0
3940 2
1966 0
1693 0
1694 0
2013 0
1990 1
1991 1
1717 1
1489 0
884 1
2996 1
7873 1
1257 1
3198 0
1798 1
8471 0
2469 0
1921 1
3813 0
1899 0
3430 0
4284 0
6278 0
1937 1
695 0
2482 1
1362 1
13 1
1799 0
2470 1
338 1
5235 0
1829 1
5691 0
1441 0
8168 0
1883 0
9893 0
9406 0
1615 0
5354 1
2249 0
6728 0
9221 1
2129 0
8600 0
488 0
5393 2
7377 1
4960 1
1506 0
4925 0
5397 0
1679 1
7268 0
6843 0
3719 0
5482 2
1117 0
1922 0
1328 1
617 0
915 0
1855 0
3241 0
1904 2
2250 0
3914 0
153 0
4597 0
2626 2
3855 0
4000 1
5171 1
1158 1
154 0
1060 1
1358 1
1985 1
7496 0
8855 1
7110 1
9886 0
4285 0
549 0
6214 0
1447 1
1777 1
1761 0
6412 0
4979 0
5314 1
3856 1
3757 0
7076 0
1738 0
1258 1
10152 2
1931 0
1052 0
2611 1
7338 0
866 0
1952 0
1953 0
1938 0
2104 1
2273 1
1085 0
1848 0
1754 0
5236 0
5237 1
5238 0
5239 2
4963 0
9332 0
6437 0
5240 0
2196 0
5241 0
7094 0
6933 0
5243 0
5244 0
5245 0
5246 1
8818 0
867 0
954 0
281 1
6044 1
3235 1
82 1
6422 0
4401 0
258 0
1378 0
1820 0
5247 0
2217 0
2342 0
2428 0
965 1
1427 0
447 1
1221 1
4424 0
5081 0
2290 0
2014 0
1490 0
4835 1
5589 0
2483 0
2484 0
2485 1
1406 0
1222 1
1434 0
1967 0
2793 1
90 0
5436 1
1941 0
183 1
1622 0
931 2
474 0
8272 0
184 0
348 0
1623 1
5082 0
932 0
2391 1
3007 1
457 1
837 0
532 1
1680 0
6625 0
5932 0
2451 1
1695 1
2876 0
1624 0
9835 1
1719 0
6576 0
185 0
1976 0
5083 0
6579 1
274 2
3370 0
3380 0
105 0
1815 1
4008 0
830 1
314 0
5466 0
3364 0
5917 0
2954 0
978 0
275 0
1223 0
4776 2
5465 0
244 0
1932 0
658 0
2004 0
2291 1
510 0
339 1
3018 0
290 0
106 0
349 0
2886 0
1167 0
489 1
333 1
2924 1
1224 0
512 1
610 0
4009 0
340 0
276 1
1225 0
1481 0
83 2
186 0
1696 0
126 0
6995 1
1625 0
9633 2
735 0
2701 1
5467 1
4410 1
2711 0
475 0
1281 0
187 0
3010 2
60 0
2371 0
4973 1
3480 0
3017 0
1943 0
874 0
5777 0
757 0
188 0
91 1
2712 0
2716 1
526 0
107 0
1697 0
84 1
189 1
3987 1
2753 1
533 0
3885 0
92 0
4604 1
3153 0
2723 0
61 0
108 1
2680 1
2225 1
62 0
831 0
127 0
3190 0
93 1
6104 0
5073 0
1944 1
1923 0
534 1
832 2
315 1
63 1
190 2
3191 0
2750 1
94 0
316 0
7659 0
838 0
350 0
317 0
2778 0
458 0
4412 0
95 2
351 0
5084 0
1168 1
1169 0
3432 1
352 0
341 0
1945 0
968 0
5705 0
1006 0
9348 0
8529 0
9624 0
6029 0
4495 1
8086 0
6875 1
5422 0
6543 2
9344 0
8657 1
9606 0
6876 0
7641 0
5248 0
8798 0
6133 0
4545 2
7950 0
7297 0
8655 0
7331 0
6954 1
9638 0
9228 0
9971 1
7161 0
10036 0
6689 0
4627 0
8443 0
9031 2
7298 0
9777 1
8453 0
8440 0
6217 1
5004 2
8915 0
7933 0
7988 1
9607 0
9510 1
7946 1
6685 0
8516 0
6877 1
3512 1
7270 1
9749 1
9032 1
6288 1
6878 1
6008 0
7271 1
6009 2
9238 1
6055 0
7449 0
8739 1
3487 1
7306 1
9234 0
8635 1
6402 2
6056 2
9594 1
6136 0
8438 1
9231 0
9413 1
6239 0
8614 1
3488 0
6039 2
7934 2
6643 0
3579 1
9538 0
9030 0
6289 1
4533 0
6644 0
3348 0
4157 1
7522 0
5249 0
3904 2
8452 0
5250 0
7954 1
4500 2
7947 0
7955 0
3296 1
8400 2
8401 0
6616 0
1300 0
6879 1
7948 0
9554 0
7272 2
6201 1
6202 0
3386 1
3481 1
9126 2
10023 1
8439 0
6880 0
3482 0
4790 0
8997 0
4470 0
5926 0
5251 2
7269 1
5412 0
3349 0
9115 2
5252 1
8409 1
3489 1
6269 1
8489 2
10106 0
8604 0
5746 1
3735 1
6041 0
7979 0
5910 2
6169 0
9127 0
4474 0
8946 2
5891 2
7602 0
10024 1
3787 1
6487 0
9579 0
8605 0
8311 2
9116 0
4549 0
8511 0
5253 0
1448 1
3725 0
2531 2
6001 1
7273 1
8444 1
7274 0
6881 0
2524 1
10022 0
8881 2
8483 1
9468 1
10119 1
6974 0
9117 1
1515 0
4261 0
5254 1
2532 1
2533 0
2486 1
3387 1
3271 1
8510 0
6488 0
1301 0
3580 1
7063 0
8650 1
2587 1
9056 1
5769 1
3605 2
9643 2
9896 1
4478 1
6711 0
3894 0
9658 1
1842 1
4555 1
3551 0
3788 0
9537 0
9981 0
5255 0
3490 0
8260 0
5749 0
7276 1
6030 2
7275 1
6210 0
4882 0
6147 0
8190 1
6721 1
7980 1
6474 0
6206 0
5623 0
3581 0
10120 0
6769 0
3726 0
3388 1
3389 1
6211 0
1516 0
8731 1
5256 0
6270 0
7564 0
5892 0
3390 1
7981 0
2518 1
2203 1
668 0
7339 2
7140 1
2143 1
9642 1
4598 1
6770 1
527 1
2724 1
2588 1
8509 2
8959 1
3552 1
9357 1
4517 1
7520 2
5320 1
3201 2
4267 1
6756 2
3158 1
8939 1
3679 1
6387 1
5780 1
9832 1
3892 1
3716 1
8922 1
8745 1
10071 1
6627 1
9939 1
365 1
22 2
4962 2
7128 1
7363 1
7554 1
6803 1
5561 1
3730 1
6033 1
6453 2
3215 1
3772 1
9270 1
8830 2
6751 1
3156 1
6617 2
4296 1
3791 1
9836 1
6476 1
3759 1
5514 1
3591 1
7342 1
753 1
3727 2
3790 1
5834 1
6976 1
2501 2
4263 1
4202 1
7446 1
7447 1
5567 1
7500 1
3731 1
1606 1
6584 1
8945 1
6445 1
3653 1
659 1
8628 2
3950 1
9990 1
7403 1
6185 1
9706 1
856 1
1192 1
585 1
8368 1
3815 2
4203 1
556 1
6951 1
2279 1
4647 1
565 1
8794 1
3546 1
9459 1
3277 1
5880 1
2903 1
566 1
2925 1
3532 1
7686 1
8049 1
3732 1
739 1
4639 2
3797 1
4945 1
5434 1
567 1
917 1
3208 1
2502 1
4510 2
1450 1
4360 1
2488 1
3547 1
4564 1
513 1
3847 1
514 1
1602 1
1564 2
535 1
5425 1
129 1
2397 1
927 1
1311 1
130 1
356 1
357 1
494 1
5085 1
6952 1
5570 1
358 1
569 2
593 1
5086 2
245 2
1273 2
1485 1
1032 1
2 1
1460 1
1764 1
1755 1
1906 1
2105 1
2106 1
1811 1
2005 1
1720 2
770 1
9827 1
9888 1
1194 1
139 1
9390 1
1195 2
4485 1
4490 1
5742 2
9392 1
1196 1
3919 1
1197 1
5747 1
1198 1
6330 2
597 1
3611 1
9393 1
1199 1
5733 1
2048 1
2252 1
5734 1
1203 2
1206 1
9701 2
5735 1
2253 1
284 1
1210 1
2255 2
2246 1
6959 1
6182 1
3174 1
6263 1
9241 1
6250 1
7078 1
9844 1
3450 2
2926 1
2939 1
6286 1
1452 1
3664 1
2961 2
2992 1
4651 1
3697 1
410 2
1231 1
2730 2
7990 1
1119 1
1924 1
9630 1
2884 1
2868 1
5710 2
9600 1
10195 1
2598 1
8186 1
1794 1
587 1
3767 1
319 1
64 1
723 2
3768 1
900 1
3951 2
4060 2
1900 1
4580 1
411 1
933 1
2761 2
1170 1
2762 1
598 1
1286 1
2504 1
328 1
4019 1
8980 1
496 1
67 1
4653 1
10095 2
1262 1
604 2
764 1
497 1
1365 2
1078 1
1263 1
2398 1
5311 1
1700 1
1318 1
6527 1
168 1
4687 1
678 1
3321 2
385 1
170 1
467 2
421 2
3852 2
2208 2
388 2
4654 2
702 2
9385 2
389 2
4023 2
1575 2
8017 2
4118 2
786 2
1323 2
613 2
308 2
1914 2
6186 2
887 2
2631 2
6859 2
2490 2
191 2
787 2
8108 2
3623 2
8809 2
2175 2
3160 2
1125 2
2594 2
2929 2
7313 2
4567 2
869 2
5895 2
2737 2
3612 2
1331 2
2718 2
4311 2
5318 2
8109 2
3599 2
416 2
4727 2
5419 2
4539 2
4523 2
8919 2
7195 2
3439 2
2794 2
10060 2
3163 2
2728 2
5421 2
3254 2
3753 2
8544 2
5259 2
4661 2
5264 2
7962 2
7162 2
9035 2
6492 2
7157 2
5218 2
7164 2
4289 2
8615 2
8399 2
6497 2
5278 2
4529 2
4290 2
6800 2
8632 2
9533 2
8517 2
10151 2
6057 2
6904 2
6540 2
2553 2
2559 2
8005 2
3306 2
2609 2
636 2
6918 2
6515 2
6607 2
7908 2
3171 2
4608 2
7688 2
4038 2
3702 2
6774 2
2846 2
2132 2
2383 2
1896 2
2439 2
2639 2
492 2
7879 2
486 2
305 2
2624 2
7085 2
5993 2
3521 2
6465 2
7712 2
1265 2
3268 2
9065 2
3470 2
672 2
9803 2
9265 2
250 2
9932 2
398 2
1629 2
4030 2
539 2
5097 2
6379 2
3061 2
3069 2
3078 2
3082 2
519 2
1927 2
454 2
737 2
9601 2
9001 2
1971 2
2229 2
5431 2
8354 2
2209 2
859 2
4046 2
6562 2
2314 2
6844 2
7382 2
2861 2
2664 2
4379 2
8502 2
4572 2
5110 2
4969 2
1499 2
1500 2
685 2
8795 2
2815 2
1780 2
1768 2
1734 2
1046 2
2186 2
2456 2
2200 2
500 2
4179 2
2087 2
7422 2
4729 2
4826 2
7433 2
3964 2
5335 2
8065 2
9728 2
921 2
1588 2
5443 2
3466 2
7053 2
6605 2
4302 2
573 2
6228 2
8558 2
9597 2
5007 2
8602 2
6438 2
7192 2
9894 2
6423 2
7969 2
8641 2
4032 2
589 2
4229 2
579 2
3999 2
5937 2
5352 2
2187 2
6988 2
5342 2
9973 2
2088 2
2820 2
8414 2
6257 2
4163 2
2669 2
2934 2
9558 2
6524 2
5294 2
7931 2
5556 2
5557 2
5558 2
4242 2
3323 2
1165 2
1293 2
2780 2
7786 2
7788 2
7792 2
9184 2
6162 2
7603 2
8160 2
8068 2
5296 2
33 2
9686 2
7695 2
6942 2
7561 2
7811 2
7829 2
6431 2
6417 2
5112 2
6872 2
5751 2
6234 2
7250 2
7847 2
2126 2
8852 2
3374 2
862 2
6235 2
3358 2
7580 2
8451 2
2522 2
2895 2
3998 2
5346 2
3722 2
9652 2
4674 2
8847 2
8792 2
8797 2
6352 2
9098 2
9099 2
5820 2
4248 2
8391 2
8665 2
1568 2
8123 2
1417 2
9483 2
853 2
9473 2
2622 2
6401 2
3729 2
8595 2
3257 2
5332 2
8022 2
7432 2
6610 2
182 2
7302 2
4253 2
7427 2
2830 2
4705 2
3524 2
7287 2
6790 2
405 2
8807 2
89 2
4896 2
5890 2
4339 2
1959 2
9709 2
2953 2
4722 2
7068 2
2897 2
9006 2
1101 2
3187 2
5201 2
7005 2
7006 2
4397 2
1871 2
9489 2
9680 2
2568 2
9672 2
8626 2
6966 2
8988 2
6979 2
9250 2
9681 2
3327 2
9812 2
10064 2
5172 2
4294 2
5141 2
2655 2
5338 2
5360 2
5768 2
7099 2
4481 2
9500 2
3382 2
8562 2
5806 2
440 2
3842 2
8508 2
5301 2
7938 2
6432 2
8078 2
5529 2
9418 2
2039 2
2055 2
9083 2
2151 2
4881 2
5654 2
7540 2
7623 2
5863 2
2349 2
1560 2
8289 2
3473 2
4878 2
2410 2
9900 2
4889 2
8131 2
2734 2
9076 2
10109 2
9553 2
9614 2
4926 2
9559 2
10171 2
8673 2
6983 2
9439 2
9273 2
6306 2
4081 2
8580 2
7035 2
9443 2
8454 2
9517 2
5911 2
9445 2
