16345 0
14007 1
9199 0
7473 0
12860 0
12395 1
10366 0
20657 0
1 1
7327 1
13495 0
906 0
6465 0
7388 1
9148 3
22634 0
15628 0
17938 3
10509 0
18331 0
9102 1
934 1
17070 0
8488 1
18742 0
3711 1
17968 3
8859 1
5011 0
15952 1
7111 1
9495 1
15453 0
22082 2
5893 1
485 0
13851 1
22618 1
5676 0
924 0
1494 1
16586 3
10652 0
16936 1
508 0
696 3
20682 1
257 0
781 0
111 0
9154 3
10511 1
5172 0
19264 1
15983 2
8179 0
6523 0
8866 0
5946 3
654 1
14182 0
409 0
539 1
22419 0
10087 0
6386 0
11705 1
12582 0
9958 0
11706 1
16442 0
9706 3
9138 0
10988 0
13224 1
17266 0
6986 0
6894 0
10481 0
11339 0
17538 0
6793 1
12086 0
15132 0
766 1
6729 1
907 0
880 0
718 0
20577 1
20354 0
627 1
799 1
935 3
7328 1
7329 0
16037 3
8673 0
286 0
2673 0
9595 0
18719 0
881 0
7653 2
6468 1
22533 0
5980 0
22398 1
22522 1
10015 0
16575 1
20588 0
19328 1
800 1
7596 0
10491 0
6891 0
486 0
18767 1
517 0
518 0
20371 0
275 1
13437 0
6012 1
15750 0
2211 0
15041 0
6437 1
12790 0
12791 0
14077 0
12096 1
8024 1
287 1
2057 0
22217 1
719 0
9046 1
7014 0
7403 0
9194 3
6941 1
666 1
5677 1
10252 0
7063 0
6473 0
15790 0
9998 0
5173 1
667 0
6805 0
7346 0
18210 0
10314 0
11736 0
17016 0
2402 1
17633 0
22267 3
14119 0
5970 0
8281 3
20590 1
9541 0
19555 0
10398 0
10684 0
10240 0
12655 0
1094 0
250 0
8248 0
5053 0
7404 0
8089 0
22555 0
22420 3
7353 0
10913 0
8222 0
8648 0
8627 0
545 1
3744 3
7255 0
579 3
12520 1
5100 0
629 0
7300 1
6409 0
5110 0
6462 1
7288 1
6463 1
14933 0
15336 2
473 3
9027 0
720 0
6013 1
18218 1
7562 3
10253 1
11030 0
6776 0
14147 0
6592 1
2472 0
8050 3
16140 1
4544 1
20656 1
16141 3
801 0
11448 1
11449 0
11442 1
21592 2
2212 0
721 1
12464 0
10046 0
7389 0
610 1
925 1
5854 0
10287 1
10100 1
681 0
13496 0
5477 1
12394 1
5735 1
6775 0
8725 0
9019 0
6692 0
6014 0
15018 0
21123 0
792 0
8199 0
7168 0
18228 1
21729 0
10069 1
3147 1
14312 0
11879 2
18687 1
22051 1
6724 0
8868 0
7140 0
14706 1
4993 1
10589 1
12474 0
12507 1
7257 0
6256 1
8034 1
9259 0
6392 1
16278 0
10858 0
9208 3
9291 0
11707 0
11231 1
12772 0
13885 1
8894 0
10855 1
7405 1
7072 1
12787 0
18909 0
10432 1
14249 0
10459 0
13967 0
8784 1
5885 0
22219 0
6809 0
10151 1
1930 0
16219 0
8778 0
5543 1
8783 0
22341 1
5467 0
16471 1
9505 0
17989 0
16653 1
19755 1
14491 1
13093 1
12169 0
10236 1
6572 0
16145 0
5478 0
5479 0
8689 0
8592 1
7347 0
15699 0
18134 0
11031 0
7588 1
9449 0
9730 0
6987 0
9487 1
6534 0
7128 3
9399 0
9400 0
11405 0
14376 0
14190 0
6015 1
7354 0
6016 1
20072 0
16457 0
7968 1
14250 0
6249 0
6146 1
13794 0
7266 0
908 0
19749 0
20921 0
20372 1
6380 0
12446 1
12652 0
7246 0
12958 0
9166 0
11602 0
7355 0
10296 0
7736 0
15345 1
6979 0
5066 1
8562 0
6510 1
9508 0
7758 0
14884 0
20149 0
20150 1
8552 2
8553 1
18227 0
20355 1
14024 0
7366 0
8570 1
5032 0
10254 0
6475 1
9248 1
5017 0
11822 0
14022 0
22007 1
6128 0
9544 0
13094 0
17325 0
22240 1
14544 1
6415 1
8855 1
13431 0
15842 0
722 1
10814 1
17593 0
15087 0
22619 1
10295 0
6647 1
7563 1
5036 0
22592 0
9968 1
6250 0
20106 0
9117 1
5480 2
10300 1
12484 0
7104 1
793 0
14365 1
5481 0
7406 1
21224 0
882 0
883 0
22224 1
884 1
2429 0
22616 1
22013 1
8282 0
16090 0
14519 1
6994 3
6429 0
15615 0
19861 0
16038 1
10351 0
12976 1
22104 0
11491 0
5754 0
5482 0
7752 0
7073 1
14313 0
11032 0
6972 0
7074 0
13472 0
10834 1
3256 1
10283 0
8140 0
5012 1
7609 3
9436 0
940 0
21318 1
8405 0
12773 1
10892 1
11488 1
9578 0
17979 1
13777 0
10349 1
11033 0
11904 1
8136 0
6568 2
885 0
5566 0
12170 0
9488 1
5224 0
6515 3
15167 0
6275 0
668 0
5682 0
8644 0
6017 1
7330 0
16443 3
7622 0
20391 1
8991 0
9284 0
11502 1
7759 0
17417 1
5597 1
18584 0
10874 0
11034 0
21191 2
22432 0
16902 1
7564 0
6423 0
5483 0
7728 0
8705 0
11326 0
10090 0
7572 0
15332 1
7043 0
18113 1
10801 0
13232 0
684 0
9071 1
11433 1
9683 1
8737 0
7976 0
15442 1
7684 3
8865 1
10408 0
12388 0
8399 0
8699 0
15653 0
22607 1
8964 1
9212 0
11737 3
21781 0
11739 0
12482 0
14262 1
8818 1
7150 0
14899 0
5054 0
6782 0
6251 1
7520 0
12350 0
772 0
15706 1
8728 0
8729 1
17662 0
17040 0
7122 1
13834 0
10700 1
18175 1
6233 0
10035 0
10833 0
11862 0
8113 1
11942 0
8117 1
8996 1
19112 0
6748 0
6749 0
6750 1
9731 1
12083 0
9790 0
8124 0
8374 1
8363 0
13845 0
10326 1
6544 0
16890 0
6181 0
8584 0
10688 0
12501 0
18676 0
18114 1
10396 1
8847 1
8613 0
18115 1
18688 0
8586 0
16108 0
7108 3
12632 0
7105 0
9468 0
5225 0
22393 0
10554 1
9496 0
7319 0
22012 1
10970 3
10607 0
19909 0
8872 0
9503 3
10986 0
9195 0
18850 1
7731 2
13032 0
21268 0
11548 0
10904 2
13653 0
6824 0
18720 0
6469 0
5285 0
22482 0
22515 0
15710 1
14978 1
15711 1
10237 0
22513 2
8805 0
16315 1
8649 0
7132 0
8788 0
10519 1
15141 0
9555 1
4559 1
8486 1
16178 1
11331 0
11772 0
11773 0
9745 1
8849 1
9672 1
6621 0
15420 1
14718 1
13591 0
10027 0
17963 0
11580 1
12509 1
16940 1
16149 0
846 0
11336 0
5558 0
6569 0
6556 0
16188 0
21204 0
21205 0
15337 0
22036 1
11452 0
12489 1
8235 0
6648 2
20270 0
9576 0
9566 1
16450 0
22289 1
21410 0
21469 3
15772 0
12465 1
12343 1
8571 0
16323 0
21715 1
12770 0
16887 1
13044 1
10578 0
12832 0
5465 2
14320 0
829 0
8043 0
14431 0
16085 1
11514 0
15415 1
10574 3
10575 1
9387 0
13928 0
10427 1
14649 0
11708 0
15416 0
11515 1
9474 1
6751 0
6899 0
6974 0
10876 0
8364 0
5111 0
20928 1
6430 1
14555 0
8369 0
14181 1
22451 0
17307 1
5484 0
5485 1
22577 0
12873 0
6455 0
21938 0
22190 1
15379 0
9999 1
7313 1
21644 2
21125 1
12158 0
12493 0
13230 1
10576 1
14348 0
6476 1
5839 0
9554 0
6129 0
10152 1
5887 0
9171 0
10409 0
14897 0
16033 1
8633 0
10905 1
7237 1
7109 1
8785 0
8810 0
8320 0
21588 0
630 0
13497 0
15532 0
14896 1
10719 0
13498 1
13326 0
6936 1
7367 0
10465 0
10196 0
15287 0
16212 1
19675 1
8958 0
8965 1
8908 0
8898 1
8899 1
8900 1
8901 0
10787 0
10865 3
10352 1
7208 0
8966 0
10382 2
8954 1
8443 0
6739 0
12077 1
8444 2
8902 0
3804 1
10798 0
15072 0
14255 0
9604 3
9034 1
9583 1
8917 3
10799 0
10338 0
10800 0
10790 0
18297 0
17418 0
14972 0
9408 0
7050 0
8563 1
12121 1
10433 0
22108 0
9072 1
9699 0
11406 0
6421 0
22242 1
10980 0
6144 1
8967 0
12399 0
12654 0
16652 0
16609 0
10305 0
13505 0
6530 2
6491 0
5544 0
6531 0
5727 0
5766 1
7971 0
7980 3
7054 1
7164 0
5577 1
6477 0
6535 1
5545 1
5578 0
6910 0
5025 0
5486 1
6897 1
6845 1
6484 0
5018 1
8600 0
5546 3
5547 0
7034 1
5827 0
10662 1
13025 1
18073 1
12302 1
11489 1
13024 1
13096 1
13097 1
13005 1
12872 1
9176 1
15505 1
12916 1
10984 1
14396 1
9485 1
13658 1
15558 1
17263 3
15191 3
18103 1
16083 2
15708 1
12867 1
11289 1
10485 1
16094 1
14604 1
14146 1
12917 1
14344 1
22556 1
12955 1
19300 1
21719 1
16935 2
847 3
20815 1
22425 1
14183 1
15536 1
14398 3
2126 1
8289 1
18056 1
20810 1
22426 1
21314 1
18008 1
14193 2
12496 3
5112 1
10618 1
8545 3
6725 1
22056 1
21196 1
17233 1
18778 1
17652 1
19900 1
9142 1
17583 3
16937 1
12432 1
11480 1
16152 3
8854 1
8650 1
19841 1
848 1
15694 1
20929 1
7565 1
14318 1
10711 1
14310 1
11607 1
10712 1
16227 1
21710 1
10860 1
18229 1
10696 1
17681 1
15510 1
16654 1
6485 1
6152 1
6790 1
10746 1
10599 1
7267 1
11439 1
16676 1
7248 1
13507 1
17419 1
11167 1
15044 1
8832 1
9497 1
7312 1
9880 1
6903 1
8044 1
7077 3
6943 1
8609 1
12783 1
22008 3
10474 1
16215 1
10250 1
19778 1
14610 1
7999 1
5488 1
10443 1
12779 2
11608 3
13492 3
14311 3
10893 1
9585 1
22609 1
10310 1
17643 1
15164 1
13892 1
5855 2
17981 1
16596 1
18252 1
13092 3
21919 1
7876 1
18989 1
10882 1
8114 1
10155 1
10706 1
8309 1
9403 1
14112 1
10707 1
8212 1
20043 1
10883 1
13446 3
15021 3
17653 1
11332 1
8181 1
6610 1
8651 1
15770 1
7173 1
13974 1
10556 1
21004 3
6883 2
7019 1
8860 1
9557 1
10906 1
5843 1
7143 1
6521 1
7159 1
6431 1
8011 1
8037 2
7044 1
8002 1
6869 1
12638 2
10208 1
8020 1
9156 1
7058 3
10470 1
8697 1
8698 1
10918 1
22590 1
9085 1
10920 1
15730 1
12775 1
7253 1
8616 3
9660 2
5067 3
6019 2
9513 2
15517 1
10315 1
8381 1
14999 1
20519 3
6904 1
11106 1
10921 1
11555 1
7268 1
21150 1
17030 1
18254 1
16683 3
16674 1
14780 1
17318 1
11014 1
9158 3
13030 1
22463 1
11964 1
12829 1
9292 2
10978 2
7590 1
15774 3
15775 1
14394 1
10975 1
15249 1
14615 1
9836 3
14078 1
18760 1
19301 1
17762 1
18889 1
14781 3
2117 1
8481 3
10340 3
9661 1
19314 1
14322 1
10471 1
8164 3
5220 3
9429 1
5844 1
6021 1
17975 1
8856 3
16603 1
18612 1
16175 1
14092 1
17245 1
7106 1
12311 1
17288 1
6924 1
6908 1
15689 1
22624 1
11905 2
15975 3
13830 1
21939 2
15185 1
21373 1
6967 1
8186 1
12874 1
7079 1
12698 1
12171 1
10353 3
19678 3
14952 3
15333 2
17980 3
13929 2
15638 2
22286 3
12896 3
6964 3
12312 2
18065 2
7457 2
11506 3
6755 3
18230 3
12937 3
17629 2
20740 3
11407 3
11763 3
5998 2
15715 2
9038 3
6148 3
6023 2
8230 3
19611 3
8047 3
11927 3
19357 3
5600 2
13481 3
22610 2
5493 3
8312 3
19286 2
22647 3
13185 3
9217 3
7617 2
15540 3
21614 3
21666 3
8739 3
10982 3
9192 3
22049 3
14450 3
9341 3
7458 3
22079 3
20581 3
10505 3
16905 2
19393 3
20331 3
6911 3
11572 3
8821 3
16142 3
6953 2
8617 3
18168 3
10277 3
10535 3
12537 3
14236 2
14051 2
9406 2
16496 2
15639 3
17327 3
16500 2
11984 3
9431 3
9413 2
14064 3
7242 3
17678 3
19846 3
7085 3
17433 3
18669 3
9242 2
20350 3
21615 2
7447 2
6944 3
6214 2
6945 3
16995 3
11954 2
9887 2
9886 2
9415 3
7169 3
7694 3
10489 3
7771 3
7730 3
16677 2
20749 2
6445 2
5502 2
7183 2
16945 3
7067 3
5278 2
11807 3
17285 3
20022 3
22404 3
5733 2
22440 3
8226 2
7600 3
11087 2
22015 3
16129 3
17636 3
14469 2
21355 3
14612 3
8389 3
10062 2
13235 3
11509 2
21326 3
18769 3
18650 2
12621 2
5602 3
6758 3
6971 3
6853 3
6561 3
17630 3
14263 2
19942 3
21675 2
20708 2
15095 3
22598 3
19779 3
14596 2
14505 3
20271 2
16757 2
9094 3
8508 2
12183 3
15637 2
9187 2
15675 3
7096 2
22197 3
8298 3
15255 3
9393 2
15248 2
22053 3
16621 3
19834 3
12278 3
9673 3
22067 2
13145 2
22346 3
15580 2
7187 2
13577 3
22491 3
12694 3
20584 3
7139 2
13649 2
14473 3
8351 3
10590 3
11179 3
18840 3
8243 2
5605 2
14885 3
13179 3
11253 3
11244 3
8646 2
6998 2
8099 3
9522 3
8393 3
17511 2
11350 2
19339 3
12967 2
9209 3
5637 3
7695 2
7446 3
6696 3
5848 2
19355 3
18859 3
13680 3
8478 2
11988 2
12688 2
16262 2
6788 2
11472 3
6651 2
11720 3
15864 2
12646 3
13693 2
8455 3
12647 3
13720 2
13718 3
16826 3
8272 3
12865 2
6601 3
15851 2
6048 3
8316 2
12690 3
15081 3
14058 3
16299 3
16837 2
12295 3
11351 2
8669 3
5679 2
22605 2
20586 3
21946 3
7119 3
20582 3
12963 3
9296 3
7485 2
11133 2
19594 3
14508 3
16078 2
18484 2
13545 3
20944 3
7283 3
7890 3
17434 3
6607 2
12744 3
18312 3
21311 3
17410 2
10668 3
13779 3
5153 2
13620 3
18142 3
18699 2
11274 3
17605 3
5966 3
10680 3
6055 2
6870 3
8421 3
21656 3
16173 3
21704 2
21312 3
21377 3
13538 2
17350 3
17352 2
17353 2
14825 2
19874 3
20318 2
14742 3
20992 3
7693 3
18818 3
21241 3
17688 3
21012 3
21903 3
5958 2
16850 3
21915 2
14725 3
20726 2
11744 3
19062 2
16754 3
7626 3
15821 3
16730 3
6741 3
10191 2
11880 3
10542 2
22150 2
6655 2
6104 3
7662 3
7162 3
16961 3
11839 2
6540 3
11417 2
14697 2
6211 2
18545 3
12418 3
19642 3
15207 3
13877 2
13728 2
20989 3
15947 3
5901 2
8840 3
11803 2
11360 3
20902 3
14679 3
13294 3
10682 2
7477 3
9317 3
16756 3
21345 3
14817 2
5610 3
16053 3
18763 3
21346 3
22508 3
16883 3
13534 3
22411 3
16810 2
22178 3
13590 2
19460 2
22368 3
15871 3
11211 3
12061 3
16723 2
14563 2
22179 3
17442 3
19936 2
21002 3
11142 3
13281 2
20622 2
13562 2
16681 3
14635 2
18019 3
15873 3
22325 3
18791 3
15155 3
18692 3
21308 2
9428 3
21432 3
15109 3
15991 3
20006 3
19756 2
16769 2
20263 2
21734 2
18426 3
22517 3
4563 3
17497 2
11667 3
15910 3
15212 3
22472 2
16725 3
20839 2
20797 2
7791 3
6243 2
11322 3
19689 3
16782 2
16771 3
21399 3
14812 3
15275 2
18831 2
13361 2
15999 2
13196 3
7648 3
10539 2
7794 2
18405 2
21169 2
20117 3
19783 3
20868 3
19637 2
20973 3
21950 3
13734 3
20002 3
20976 2
21368 3
18915 2
16777 3
16285 3
17696 3
9333 3
20252 3
5146 2
15217 2
21728 2
6136 2
20583 3
6866 3
6712 3
6713 3
11829 3
21153 3
21505 3
21664 3
19549 3
17127 2
22334 3
22181 3
14704 3
20894 3
20865 3
18867 3
11669 3
5189 3
5118 3
15276 2
15893 3
18877 3
11658 2
19075 3
22481 3
11785 3
19082 3
9348 3
19208 3
19772 3
20952 2
19513 2
11688 2
7709 3
9337 2
21883 3
16952 2
16947 3
13740 3
16747 3
16716 3
13221 3
19761 3
18955 3
9278 3
9780 3
9339 3
17504 3
19705 3
21363 3
19430 3
22125 3
18481 2
21911 3
5932 2
7802 3
17499 3
20553 2
11878 3
20441 3
15895 2
13315 2
18471 3
21047 3
8218 3
886 3
13029 2
17228 2
13964 2
14928 3
11324 3
6269 3
19011 2
18971 2
18335 2
19041 2
19452 2
18491 2
19567 3
19516 3
9754 3
11855 3
14752 2
21072 3
20346 3
21888 2
19765 3
19635 2
21289 3
19581 3
19969 3
21045 3
19801 2
5746 3
17898 3
18395 2
12674 3
18268 3
11833 3
6107 3
19954 3
7814 3
18289 3
9774 3
21762 3
19226 3
11039 2
13392 3
5239 2
9796 3
11444 3
14842 2
21878 3
14346 3
19720 2
17713 3
19586 3
19457 3
20765 3
18399 3
18967 3
19552 3
20162 3
5161 2
19701 3
21563 3
18665 3
17868 3
18379 3
19606 2
20616 3
9588 3
21422 2
5915 3
4568 3
17730 3
17784 3
7583 3
6205 3
18501 3
18445 2
17815 2
20182 3
17894 2
8105 3
5571 3
18566 3
17154 2
17813 3
5720 3
5107 2
13345 3
20385 2
19580 2
11401 3
9825 2
10177 2
10020 3
8411 2
17537 3
21601 2
11556 2
16569 2
19332 2
16016 3
18257 3
6010 3
22317 2
14239 2
15030 3
5049 2
5583 2
8079 3
10285 3
8412 3
16915 3
8696 2
112 3
113 2
1919 3
12042 3
17013 3
18062 3
9659 3
12362 3
7551 2
14785 3
196 2
3347 2
4682 3
1264 3
12622 3
440 2
617 3
79 3
277 2
49 3
7727 3
9546 3
5320 3
3097 2
2682 3
2484 3
3509 3
4697 2
213 2
1705 3
4090 2
3056 3
2210 2
4295 3
2144 3
4283 3
4210 2
3863 3
5293 3
4864 3
2506 2
946 2
4355 2
2273 2
5392 2
1235 2
1073 2
6290 2
2191 2
10740 2
2368 2
14141 2
3921 2
12423 2
2918 2
445 2
4678 2
16218 2
3934 2
16920 2
7607 2
11885 2
14395 2
15776 2
13663 2
12734 2
4603 2
3809 2
19060 2
2449 2
17256 2
16170 2
432 2
3 2
2192 2
4717 2
1051 2
304 2
1119 2
2268 2
10482 2
7669 2
1733 2
15371 2
18079 2
8018 2
619 2
9118 2
9132 2
2670 2
456 2
14329 2
7459 2
10244 2
5303 2
10011 2
2641 2
21207 2
3955 2
4097 2
4297 2
16364 2
3531 2
513 2
7996 2
2605 2
4844 2
4705 2
10725 2
17828 2
17156 2
17907 2
21667 2
2767 2
7856 2
13627 2
12101 2
20390 2
588 2
11487 2
868 2
3344 2
6736 2
1931 2
17157 2
18296 2
9833 2
5216 2
10773 2
17817 2
18919 2
14709 2
18811 2
7101 2
19775 2
13833 2
5730 2
6800 2
11974 2
13155 2
13575 2
11276 2
5644 2
20635 2
6076 2
15682 2
10615 2
6246 2
8001 2
7040 2
5880 2
6086 2
5554 2
7860 2
7031 2
7299 2
6095 2
6260 2
9639 2
3948 2
1457 2
5277 2
12538 2
20456 2
22146 2
5650 2
7515 2
13872 2
6096 2
21026 2
5414 2
17932 2
22099 2
13394 2
16562 2
21608 2
4951 2
12649 2
18209 2
14488 2
3719 2
15247 2
14103 2
14220 2
15705 2
6354 2
22273 2
10393 2
2209 2
3027 2
2324 2
3426 2
1929 2
18586 2
4413 2
2254 2
12578 2
14308 2
1569 2
4802 2
1426 2
2954 2
472 2
4533 2
1476 2
4986 2
4536 2
1118 2
14244 2
13919 2
2818 2
13674 2
2043 2
6319 2
1588 2
12600 2
3234 2
8944 2
12112 2
6343 2
15649 2
10332 2
3273 2
3666 2
3473 2
2599 2
17836 2
9542 2
1590 2
21126 2
22446 2
8677 2
14123 2
13007 2
18325 2
12009 2
12602 2
2791 2
13988 2
18232 2
12151 2
12491 2
2956 2
1473 2
3979 2
22262 2
13414 2
7342 2
5329 2
3723 2
11604 2
18207 2
16944 2
3357 2
1638 2
4857 2
20889 2
9978 2
14368 2
12930 2
21578 2
21806 2
20099 2
3638 2
20958 2
16247 2
4617 2
4630 2
3278 2
6373 2
16412 2
3966 2
17209 2
18479 2
21166 2
2977 2
20364 2
16349 2
22660 2
15767 2
13463 2
4684 2
15769 2
11003 2
18416 2
20555 2
